image_width: 640
image_height: 480
camera_name: camera_left

camera_matrix:
  rows: 3
  cols: 3
  data: [599.6778378, 0.,         317.05065353,
         0.,           600.96845221, 208.26111066,
         0.,           0.,         1.]

distortion_model: plumb_bob

distortion_coefficients:
  rows: 1
  cols: 5
  data: [0.30200854,  0.62587758, -0.01544165, -0.0194758,  -2.19154646]

rectification_matrix:
  rows: 3
  cols: 3
  data: [ 1.0, 0.0, 0.0,
          0.0, 1.0, 0.0,
          0.0, 0.0,  1.0]

projection_matrix:
  rows: 3
  cols: 4
  data: [796.01671,   0.     , 529.49941,   0.     ,
           0.     , 796.01671, 267.99264,   0.     ,
           0.     ,   0.     ,   1.     ,   0.     ]
