image_width: 640
image_height: 480
camera_name: camera_right
camera_matrix:
  rows: 3
  cols: 3
  data: [607.59757624, 0.,         363.80917685,
         0.,           603.41300736, 215.28693156, 
         0.,           0.,         1.]

distortion_model: plumb_bob

distortion_coefficients:
  rows: 1
  cols: 5
  data: [0.3048357, 0.39724193, -0.00783223, 0.03872119, -0.80840839]

rectification_matrix:
  rows: 3
  cols: 3
  data: [ 1.0, 0.0, 0.0,
          0.0, 1.0, 0.0,
          0.0, 0.0,  1.0]

projection_matrix:
  rows: 3
  cols: 4
  data: [796.01671,   0.     , 529.49941,   0.     ,
           0.     , 796.01671, 267.99264,   0.     ,
           0.     ,   0.     ,   1.     ,   0.     ]
