image_width: 640
image_height: 480
camera_name: camera_low_light_right
camera_matrix:
  rows: 3
  cols: 3
  data: [633.05249,   0.     , 323.98048,
           0.     , 631.51753, 281.91609,
           0.     ,   0.     ,   1.     ]
distortion_model: plumb_bob
distortion_coefficients:
  rows: 1
  cols: 5
  data: [0.413901, 0.278665, 0.013752, 0.004312, 0.000000]
rectification_matrix:
  rows: 3
  cols: 3
  data: [ 0.9677903 , -0.02058166, -0.250915  ,
          0.02402855,  0.99965421,  0.01068113,
          0.2506084 , -0.01636622,  0.96795019]
projection_matrix:
  rows: 3
  cols: 4
  data: [796.01671,   0.     , 529.49941, -77.76651,
           0.     , 796.01671, 267.99264,   0.     ,
           0.     ,   0.     ,   1.     ,   0.     ]
