image_width: 640
image_height: 480
camera_name: camera_low_light_right
camera_matrix:
  rows: 3
  cols: 3
  data: [445.20487,   0.     , 317.63592,
           0.     , 444.92215, 267.32109,
           0.     ,   0.     ,   1.     ]
distortion_model: plumb_bob
distortion_coefficients:
  rows: 1
  cols: 5
  data: [0.014536, 0.006401, 0.000843, -0.004656, 0.000000]
rectification_matrix:
  rows: 3
  cols: 3
  data: [ 0.99964758,  0.00290668,  0.02638698,
         -0.00303839,  0.99998312,  0.00495279,
         -0.02637214, -0.00503122,  0.99963953]
projection_matrix:
  rows: 3
  cols: 4
  data: [480.00003,   0.     , 304.60038, -45.61607,
           0.     , 480.00003, 255.6266 ,   0.     ,
           0.     ,   0.     ,   1.     ,   0.     ]
